hw1SUMT

p =

     0


r_p =

     1


<a href = "matlab: helpview([docroot '/toolbox/optim/msg_csh/optim_msg_csh.map'],'local_min_unconstrained','CSHelpWindow');">Local minimum found</a>.

Optimization completed because the <a href = "matlab: helpview([docroot '/toolbox/optim/msg_csh/optim_msg_csh.map'],'grad_size','CSHelpWindow');">size of the gradient</a> is less than
the default value of the <a href = "matlab: helpview([docroot '/toolbox/optim/msg_csh/optim_msg_csh.map'],'optimality_tolerance_unc','CSHelpWindow');">optimality tolerance</a>.

<<a href = "matlab: createExitMsg('fminusub',1.000000e+00,true,true,'fminunc',3.424382e-07,'default',1.000000e-06,0.000000e+00,'',0.000000e+00,0.000000e+00,'',0.000000e+00);">stopping criteria details</a>>


Computing finite-difference Hessian using objective function.

x0 =

     0
     0
     0


xstar =

   1.276757470185778
  14.282241785987278
  -2.921714161272035


f =

   0.042441427986762


g =

  -2.830272410557335
   0.021405976148623
   0.020160127570520
  -0.785280223248410
  -1.292171416127204
  -0.415657167745593
  -0.982605869505924
   0.977636117936188
   0.978980601697539


ans =

    28


exitflag =

     1

__________________________________________________________
p =

     1


r_p =

     5


<a href = "matlab: helpview([docroot '/toolbox/optim/msg_csh/optim_msg_csh.map'],'local_min_unconstrained','CSHelpWindow');">Local minimum found</a>.

Optimization completed because the <a href = "matlab: helpview([docroot '/toolbox/optim/msg_csh/optim_msg_csh.map'],'grad_size','CSHelpWindow');">size of the gradient</a> is less than
the default value of the <a href = "matlab: helpview([docroot '/toolbox/optim/msg_csh/optim_msg_csh.map'],'optimality_tolerance_unc','CSHelpWindow');">optimality tolerance</a>.

<<a href = "matlab: createExitMsg('fminusub',1.000000e+00,true,true,'fminunc',3.547622e-07,'default',1.000000e-06,0.000000e+00,'',0.000000e+00,0.000000e+00,'',0.000000e+00);">stopping criteria details</a>>


Computing finite-difference Hessian using objective function.

x0 =

   1.276757470185778
  14.282241785987278
  -2.921714161272035


xstar =

   1.367313681237115
  15.246682636432020
  -2.644356099023211


f =

   0.998187804502612


g =

  -3.101941043711345
   0.093850944989692
   0.089048759745144
  -0.905835329554002
  -1.264435609902321
  -0.471128780195358
  -0.909661346819279
   0.883850303053359
   0.891179580663644


ans =

    11


exitflag =

     1

__________________________________________________________
p =

     2


r_p =

    25


<a href = "matlab: helpview([docroot '/toolbox/optim/msg_csh/optim_msg_csh.map'],'local_min_unconstrained','CSHelpWindow');">Local minimum found</a>.

Optimization completed because the <a href = "matlab: helpview([docroot '/toolbox/optim/msg_csh/optim_msg_csh.map'],'grad_size','CSHelpWindow');">size of the gradient</a> is less than
the default value of the <a href = "matlab: helpview([docroot '/toolbox/optim/msg_csh/optim_msg_csh.map'],'optimality_tolerance_unc','CSHelpWindow');">optimality tolerance</a>.

<<a href = "matlab: createExitMsg('fminusub',1.000000e+00,true,true,'fminunc',4.347800e-08,'default',1.000000e-06,0.000000e+00,'',0.000000e+00,0.000000e+00,'',0.000000e+00);">stopping criteria details</a>>


Computing finite-difference Hessian using objective function.

x0 =

   1.367313681237115
  15.246682636432020
  -2.644356099023211


xstar =

   1.506572258345380
  16.838371086757036
  -1.870468397277544


f =

  12.280830393731572


g =

  -3.519716775036141
   0.205257806676304
   0.202740791911217
  -1.104796385844629
  -1.187046839727754
  -0.625906320544491
  -0.650857147798434
   0.551102047169415
   0.578456062297739


ans =

    12


exitflag =

     1

__________________________________________________________
p =

     3


r_p =

   125


<a href = "matlab: helpview([docroot '/toolbox/optim/msg_csh/optim_msg_csh.map'],'local_min_unconstrained','CSHelpWindow');">Local minimum found</a>.

Optimization completed because the <a href = "matlab: helpview([docroot '/toolbox/optim/msg_csh/optim_msg_csh.map'],'grad_size','CSHelpWindow');">size of the gradient</a> is less than
the default value of the <a href = "matlab: helpview([docroot '/toolbox/optim/msg_csh/optim_msg_csh.map'],'optimality_tolerance_unc','CSHelpWindow');">optimality tolerance</a>.

<<a href = "matlab: createExitMsg('fminusub',1.000000e+00,true,true,'fminunc',3.197704e-07,'default',1.000000e-06,0.000000e+00,'',0.000000e+00,0.000000e+00,'',0.000000e+00);">stopping criteria details</a>>


Computing finite-difference Hessian using objective function.

x0 =

   1.506572258345380
  16.838371086757036
  -1.870468397277544


xstar =

   1.427422323989274
  16.206891583266160
  -0.802253513342547


f =

  43.071049159105527


g =

  -3.282266971967823
   0.141937859191420
   0.157635113090440
  -1.025861447908270
  -1.080225351334255
  -0.839549297331491
  -0.380495404354177
   0.203494091312514
   0.240161390982396


ans =

    12


exitflag =

     1

__________________________________________________________
p =

     4


r_p =

   625


<a href = "matlab: helpview([docroot '/toolbox/optim/msg_csh/optim_msg_csh.map'],'local_min_unconstrained','CSHelpWindow');">Local minimum found</a>.

Optimization completed because the <a href = "matlab: helpview([docroot '/toolbox/optim/msg_csh/optim_msg_csh.map'],'grad_size','CSHelpWindow');">size of the gradient</a> is less than
the default value of the <a href = "matlab: helpview([docroot '/toolbox/optim/msg_csh/optim_msg_csh.map'],'optimality_tolerance_unc','CSHelpWindow');">optimality tolerance</a>.

<<a href = "matlab: createExitMsg('fminusub',1.000000e+00,true,true,'fminunc',2.782361e-07,'default',1.000000e-06,0.000000e+00,'',0.000000e+00,0.000000e+00,'',0.000000e+00);">stopping criteria details</a>>


Computing finite-difference Hessian using objective function.

x0 =

   1.427422323989274
  16.206891583266160
  -0.802253513342547


xstar =

   1.303404309890892
  14.966946773637224
   0.119199519530206


f =

  73.991792246489879


g =

  -2.910212929672675
   0.042723447912713
   0.069067626688373
  -0.870868346704653
  -0.988080048046979
  -1.023839903906041
  -0.258569839380015
   0.046732650631447
   0.080283680647589


ans =

    11


exitflag =

     1

__________________________________________________________
p =

     5


r_p =

        3125


<a href = "matlab: helpview([docroot '/toolbox/optim/msg_csh/optim_msg_csh.map'],'local_min_unconstrained','CSHelpWindow');">Local minimum found</a>.

Optimization completed because the <a href = "matlab: helpview([docroot '/toolbox/optim/msg_csh/optim_msg_csh.map'],'grad_size','CSHelpWindow');">size of the gradient</a> is less than
the default value of the <a href = "matlab: helpview([docroot '/toolbox/optim/msg_csh/optim_msg_csh.map'],'optimality_tolerance_unc','CSHelpWindow');">optimality tolerance</a>.

<<a href = "matlab: createExitMsg('fminusub',1.000000e+00,true,true,'fminunc',6.348786e-07,'default',1.000000e-06,0.000000e+00,'',0.000000e+00,0.000000e+00,'',0.000000e+00);">stopping criteria details</a>>


Computing finite-difference Hessian using objective function.

x0 =

   1.303404309890892
  14.966946773637224
   0.119199519530206


xstar =

   1.245616259723662
  14.388663156694799
   0.561694734918270


f =

  89.163085342838670


g =

  -2.736848779170986
  -0.003506992221070
   0.027761654049628
  -0.798582894586850
  -0.943830526508173
  -1.112338946983654
  -0.222185320500602
  -0.000047445070655
   0.029396406892983


ans =

    16


exitflag =

     1

__________________________________________________________
p =

     6


