hw1SUMT_LinExt

p =

     0


r_p =

  25.470164726578144


<a href = "matlab: helpview([docroot '/toolbox/optim/msg_csh/optim_msg_csh.map'],'local_min_unconstrained','CSHelpWindow');">Local minimum found</a>.

Optimization completed because the <a href = "matlab: helpview([docroot '/toolbox/optim/msg_csh/optim_msg_csh.map'],'grad_size','CSHelpWindow');">size of the gradient</a> is less than
the default value of the <a href = "matlab: helpview([docroot '/toolbox/optim/msg_csh/optim_msg_csh.map'],'optimality_tolerance_unc','CSHelpWindow');">optimality tolerance</a>.

<<a href = "matlab: createExitMsg('fminusub',1.000000e+00,true,true,'fminunc',2.033607e-07,'default',1.000000e-06,0.000000e+00,'',0.000000e+00,0.000000e+00,'',0.000000e+00);">stopping criteria details</a>>


Computing finite-difference Hessian using objective function.

x0 =

   0.475058013560474
  13.235315387885350
   9.002524127606579


xstar =

   0.834131139714169
  11.963258962706560
   3.941625283990999


f =

     2.341273493200837e+02


g =

  -1.502393419142507
  -0.332695088228665
  -0.145481502663817
  -0.495407370338320
  -0.605837471600900
  -1.788325056798200
  -0.155966408891668
  -0.085186045710712
  -0.307689036998923


ans =

    30


exitflag =

     1

__________________________________________________________
p =

     1


r_p =

   5.094032945315629


<a href = "matlab: helpview([docroot '/toolbox/optim/msg_csh/optim_msg_csh.map'],'local_min_unconstrained','CSHelpWindow');">Local minimum found</a>.

Optimization completed because the <a href = "matlab: helpview([docroot '/toolbox/optim/msg_csh/optim_msg_csh.map'],'grad_size','CSHelpWindow');">size of the gradient</a> is less than
the default value of the <a href = "matlab: helpview([docroot '/toolbox/optim/msg_csh/optim_msg_csh.map'],'optimality_tolerance_unc','CSHelpWindow');">optimality tolerance</a>.

<<a href = "matlab: createExitMsg('fminusub',1.000000e+00,true,true,'fminunc',9.322285e-07,'default',1.000000e-06,0.000000e+00,'',0.000000e+00,0.000000e+00,'',0.000000e+00);">stopping criteria details</a>>


Computing finite-difference Hessian using objective function.

x0 =

   0.834131139714169
  11.963258962706560
   3.941625283990999


xstar =

   1.000652394693517
  12.236051713002341
   2.853394922611828


f =

     1.741522415104640e+02


g =

  -2.001957184080550
  -0.199478084245187
  -0.125996306214119
  -0.529506464125293
  -0.714660507738817
  -1.570678984522365
  -0.126732905568099
  -0.122771978555302
  -0.153545536283816


ans =

    21


exitflag =

     1

__________________________________________________________
p =

     2


r_p =

   1.018806589063126


<a href = "matlab: helpview([docroot '/toolbox/optim/msg_csh/optim_msg_csh.map'],'local_min_unconstrained','CSHelpWindow');">Local minimum found</a>.

Optimization completed because the <a href = "matlab: helpview([docroot '/toolbox/optim/msg_csh/optim_msg_csh.map'],'grad_size','CSHelpWindow');">size of the gradient</a> is less than
the default value of the <a href = "matlab: helpview([docroot '/toolbox/optim/msg_csh/optim_msg_csh.map'],'optimality_tolerance_unc','CSHelpWindow');">optimality tolerance</a>.

<<a href = "matlab: createExitMsg('fminusub',1.000000e+00,true,true,'fminunc',1.508057e-07,'default',1.000000e-06,0.000000e+00,'',0.000000e+00,0.000000e+00,'',0.000000e+00);">stopping criteria details</a>>


Computing finite-difference Hessian using objective function.

x0 =

   1.000652394693517
  12.236051713002341
   2.853394922611828


xstar =

   1.115365666879351
  13.021288169458897
   1.821546258167441


f =

     1.338170291786038e+02


g =

  -2.346097000638052
  -0.107707466496520
  -0.069907987895793
  -0.627661021182362
  -0.817845374183256
  -1.364309251633488
  -0.146757879358040
  -0.097025583682521
  -0.076065102486295


ans =

    15


exitflag =

     1

__________________________________________________________
p =

     3


r_p =

   0.203761317812625


<a href = "matlab: helpview([docroot '/toolbox/optim/msg_csh/optim_msg_csh.map'],'local_min_possible','CSHelpWindow');">Local minimum possible</a>.

fminunc stopped because the <a href = "matlab: helpview([docroot '/toolbox/optim/msg_csh/optim_msg_csh.map'],'norm_current_step','CSHelpWindow');">size of the current step</a> is less than
the default value of the <a href = "matlab: helpview([docroot '/toolbox/optim/msg_csh/optim_msg_csh.map'],'step_size_tol','CSHelpWindow');">step size tolerance</a>.

<<a href = "matlab: createExitMsg('fminusub',2.000000e+00,true,true,'fminunc',4.038898e-07,'default',1.000000e-06,0.000000e+00,'',0.000000e+00,0.000000e+00,'',0.000000e+00);">stopping criteria details</a>>


Computing finite-difference Hessian using objective function.

x0 =

   1.115365666879351
  13.021288169458897
   1.821546258167441


xstar =

   1.170535609943452
  13.539475377703932
   1.285556001618355


f =

     1.143006844268324e+02


g =

  -2.511606829830356
  -0.063571512045238
  -0.032894615878291
  -0.692434422212991
  -0.871444399838164
  -1.257111200323671
  -0.172423083865238
  -0.064027463601837
  -0.034082425370034


ans =

    12


exitflag =

     2

__________________________________________________________
p =

     4


r_p =

   0.040752263562525


<a href = "matlab: helpview([docroot '/toolbox/optim/msg_csh/optim_msg_csh.map'],'local_min_possible','CSHelpWindow');">Local minimum possible</a>.

fminunc stopped because the <a href = "matlab: helpview([docroot '/toolbox/optim/msg_csh/optim_msg_csh.map'],'norm_current_step','CSHelpWindow');">size of the current step</a> is less than
the default value of the <a href = "matlab: helpview([docroot '/toolbox/optim/msg_csh/optim_msg_csh.map'],'step_size_tol','CSHelpWindow');">step size tolerance</a>.

<<a href = "matlab: createExitMsg('fminusub',2.000000e+00,true,true,'fminunc',2.103366e-07,'default',1.000000e-06,0.000000e+00,'',0.000000e+00,0.000000e+00,'',0.000000e+00);">stopping criteria details</a>>


Computing finite-difference Hessian using objective function.

x0 =

   1.170535609943452
  13.539475377703932
   1.285556001618355


xstar =

   1.194427876487765
  13.797706316840070
   1.049162277714346


f =

     1.059680557512164e+02


g =

  -2.583283629463295
  -0.044457698809788
  -0.014449548797138
  -0.724713289605009
  -0.895083772228565
  -1.209832455542869
  -0.186894804084932
  -0.045420966176516
  -0.014666412977479


ans =

    11


exitflag =

     2

__________________________________________________________
p =

     5


r_p =

   0.008150452712505


<a href = "matlab: helpview([docroot '/toolbox/optim/msg_csh/optim_msg_csh.map'],'local_min_possible','CSHelpWindow');">Local minimum possible</a>.

fminunc stopped because the <a href = "matlab: helpview([docroot '/toolbox/optim/msg_csh/optim_msg_csh.map'],'norm_current_step','CSHelpWindow');">size of the current step</a> is less than
the default value of the <a href = "matlab: helpview([docroot '/toolbox/optim/msg_csh/optim_msg_csh.map'],'step_size_tol','CSHelpWindow');">step size tolerance</a>.

<<a href = "matlab: createExitMsg('fminusub',2.000000e+00,true,true,'fminunc',2.378425e-07,'default',1.000000e-06,0.000000e+00,'',0.000000e+00,0.000000e+00,'',0.000000e+00);">stopping criteria details</a>>


Computing finite-difference Hessian using objective function.

x0 =

   1.194427876487765
  13.797706316840070
   1.049162277714346


xstar =

   1.204528077550375
  13.910737956511738
   0.951239741438898


f =

     1.025646990423054e+02


g =

  -2.613584232651124
  -0.036377537959700
  -0.006375860249162
  -0.738842244563967
  -0.904876025856110
  -1.190247948287779
  -0.193294151858642
  -0.037193233324603
  -0.006417151777776


ans =

    12


exitflag =

     2

__________________________________________________________
p =

     6


