time take for 1600x1600 multiply is: 1.005928
array values: 
rows: 400, cols: 400, sparseness: 25
1364053600.00 1396033600.00 1428013600.00 1459993600.00 1491973600.00 1523953600.00 1555933600.00 1587913600.00 1619893600.00 1651873600.00 1683853600.00 1715833600.00 1747813600.00 1779793600.00 1811773600.00 1843753600.00 
1396033600.00 1429013600.00 1461993600.00 1494973600.00 1527953600.00 1560933600.00 1593913600.00 1626893600.00 1659873600.00 1692853600.00 1725833600.00 1758813600.00 1791793600.00 1824773600.00 1857753600.00 1890733600.00 
1428013600.00 1461993600.00 1495973600.00 1529953600.00 1563933600.00 1597913600.00 1631893600.00 1665873600.00 1699853600.00 1733833600.00 1767813600.00 1801793600.00 1835773600.00 1869753600.00 1903733600.00 1937713600.00 
1459993600.00 1494973600.00 1529953600.00 1564933600.00 1599913600.00 1634893600.00 1669873600.00 1704853600.00 1739833600.00 1774813600.00 1809793600.00 1844773600.00 1879753600.00 1914733600.00 1949713600.00 1984693600.00 
1491973600.00 1527953600.00 1563933600.00 1599913600.00 1635893600.00 1671873600.00 1707853600.00 1743833600.00 1779813600.00 1815793600.00 1851773600.00 1887753600.00 1923733600.00 1959713600.00 1995693600.00 2031673600.00 
1523953600.00 1560933600.00 1597913600.00 1634893600.00 1671873600.00 1708853600.00 1745833600.00 1782813600.00 1819793600.00 1856773600.00 1893753600.00 1930733600.00 1967713600.00 2004693600.00 2041673600.00 2078653600.00 
1555933600.00 1593913600.00 1631893600.00 1669873600.00 1707853600.00 1745833600.00 1783813600.00 1821793600.00 1859773600.00 1897753600.00 1935733600.00 1973713600.00 2011693600.00 2049673600.00 2087653600.00 2125633600.00 
1587913600.00 1626893600.00 1665873600.00 1704853600.00 1743833600.00 1782813600.00 1821793600.00 1860773600.00 1899753600.00 1938733600.00 1977713600.00 2016693600.00 2055673600.00 2094653600.00 2133633600.00 2172613600.00 
1619893600.00 1659873600.00 1699853600.00 1739833600.00 1779813600.00 1819793600.00 1859773600.00 1899753600.00 1939733600.00 1979713600.00 2019693600.00 2059673600.00 2099653600.00 2139633600.00 2179613600.00 2219593600.00 
1651873600.00 1692853600.00 1733833600.00 1774813600.00 1815793600.00 1856773600.00 1897753600.00 1938733600.00 1979713600.00 2020693600.00 2061673600.00 2102653600.00 2143633600.00 2184613600.00 2225593600.00 2266573600.00 
1683853600.00 1725833600.00 1767813600.00 1809793600.00 1851773600.00 1893753600.00 1935733600.00 1977713600.00 2019693600.00 2061673600.00 2103653600.00 2145633600.00 2187613600.00 2229593600.00 2271573600.00 2313553600.00 
1715833600.00 1758813600.00 1801793600.00 1844773600.00 1887753600.00 1930733600.00 1973713600.00 2016693600.00 2059673600.00 2102653600.00 2145633600.00 2188613600.00 2231593600.00 2274573600.00 2317553600.00 2360533600.00 
1747813600.00 1791793600.00 1835773600.00 1879753600.00 1923733600.00 1967713600.00 2011693600.00 2055673600.00 2099653600.00 2143633600.00 2187613600.00 2231593600.00 2275573600.00 2319553600.00 2363533600.00 2407513600.00 
1779793600.00 1824773600.00 1869753600.00 1914733600.00 1959713600.00 2004693600.00 2049673600.00 2094653600.00 2139633600.00 2184613600.00 2229593600.00 2274573600.00 2319553600.00 2364533600.00 2409513600.00 2454493600.00 
1811773600.00 1857753600.00 1903733600.00 1949713600.00 1995693600.00 2041673600.00 2087653600.00 2133633600.00 2179613600.00 2225593600.00 2271573600.00 2317553600.00 2363533600.00 2409513600.00 2455493600.00 2501473600.00 
1843753600.00 1890733600.00 1937713600.00 1984693600.00 2031673600.00 2078653600.00 2125633600.00 2172613600.00 2219593600.00 2266573600.00 2313553600.00 2360533600.00 2407513600.00 2454493600.00 2501473600.00 2548453600.00 



