time taken for 1600x1600 sequential multiply is: 8.110000
Array values:
rows: 1600, cols: 1600, sparseness: 100
1364053600 1491973600 1619893600 1747813600 1875733600 2003653600 2131573600 -2035473696 -1907553696 -1779633696 -1651713696 -1523793696 -1395873696 -1267953696 -1140033696 -1012113696 
1491973600 1635893600 1779813600 1923733600 2067653600 -2083393696 -1939473696 -1795553696 -1651633696 -1507713696 -1363793696 -1219873696 -1075953696 -932033696 -788113696 -644193696 
1619893600 1779813600 1939733600 2099653600 -2035393696 -1875473696 -1715553696 -1555633696 -1395713696 -1235793696 -1075873696 -915953696 -756033696 -596113696 -436193696 -276273696 
1747813600 1923733600 2099653600 -2019393696 -1843473696 -1667553696 -1491633696 -1315713696 -1139793696 -963873696 -787953696 -612033696 -436113696 -260193696 -84273696 91646304 
1875733600 2067653600 -2035393696 -1843473696 -1651553696 -1459633696 -1267713696 -1075793696 -883873696 -691953696 -500033696 -308113696 -116193696 75726304 267646304 459566304 
2003653600 -2083393696 -1875473696 -1667553696 -1459633696 -1251713696 -1043793696 -835873696 -627953696 -420033696 -212113696 -4193696 203726304 411646304 619566304 827486304 
2131573600 -1939473696 -1715553696 -1491633696 -1267713696 -1043793696 -819873696 -595953696 -372033696 -148113696 75806304 299726304 523646304 747566304 971486304 1195406304 
-2035473696 -1795553696 -1555633696 -1315713696 -1075793696 -835873696 -595953696 -356033696 -116113696 123806304 363726304 603646304 843566304 1083486304 1323406304 1563326304 
-1907553696 -1651633696 -1395713696 -1139793696 -883873696 -627953696 -372033696 -116113696 139806304 395726304 651646304 907566304 1163486304 1419406304 1675326304 1931246304 
-1779633696 -1507713696 -1235793696 -963873696 -691953696 -420033696 -148113696 123806304 395726304 667646304 939566304 1211486304 1483406304 1755326304 2027246304 -1995800992 
-1651713696 -1363793696 -1075873696 -787953696 -500033696 -212113696 75806304 363726304 651646304 939566304 1227486304 1515406304 1803326304 2091246304 -1915800992 -1627880992 
-1523793696 -1219873696 -915953696 -612033696 -308113696 -4193696 299726304 603646304 907566304 1211486304 1515406304 1819326304 2123246304 -1867800992 -1563880992 -1259960992 
-1395873696 -1075953696 -756033696 -436113696 -116193696 203726304 523646304 843566304 1163486304 1483406304 1803326304 2123246304 -1851800992 -1531880992 -1211960992 -892040992 
-1267953696 -932033696 -596113696 -260193696 75726304 411646304 747566304 1083486304 1419406304 1755326304 2091246304 -1867800992 -1531880992 -1195960992 -860040992 -524120992 
-1140033696 -788113696 -436193696 -84273696 267646304 619566304 971486304 1323406304 1675326304 2027246304 -1915800992 -1563880992 -1211960992 -860040992 -508120992 -156200992 
-1012113696 -644193696 -276273696 91646304 459566304 827486304 1195406304 1563326304 1931246304 -1995800992 -1627880992 -1259960992 -892040992 -524120992 -156200992 211719008 



