time take for 1600x1600 multiply is: 1.005928
array values: 
rows: 400, cols: 400, sparseness: 25
1364053600.00 1396033600.00 1428013600.00 1459993600.00 1491973600.00 1523953600.00 1555933600.00 1587913600.00 1619893600.00 1651873600.00 1683853600.00 1715833600.00 1747813600.00 1779793600.00 1811773600.00 1843753600.00 
1396033600.00 1429013600.00 1461993600.00 1494973600.00 1527953600.00 1560933600.00 1593913600.00 1626893600.00 1659873600.00 1692853600.00 1725833600.00 1758813600.00 1791793600.00 1824773600.00 1857753600.00 1890733600.00 
1428013600.00 1461993600.00 1495973600.00 1529953600.00 1563933600.00 1597913600.00 1631893600.00 1665873600.00 1699853600.00 1733833600.00 1767813600.00 1801793600.00 1835773600.00 1869753600.00 1903733600.00 1937713600.00 
1459993600.00 1494973600.00 1529953600.00 1564933600.00 1599913600.00 1634893600.00 1669873600.00 1704853600.00 1739833600.00 1774813600.00 1809793600.00 1844773600.00 1879753600.00 1914733600.00 1949713600.00 1984693600.00 
1491973600.00 1527953600.00 1563933600.00 1599913600.00 1635893600.00 1671873600.00 1707853600.00 1743833600.00 1779813600.00 1815793600.00 1851773600.00 1887753600.00 1923733600.00 1959713600.00 1995693600.00 2031673600.00 
1523953600.00 1560933600.00 1597913600.00 1634893600.00 1671873600.00 1708853600.00 1745833600.00 1782813600.00 1819793600.00 1856773600.00 1893753600.00 1930733600.00 1967713600.00 2004693600.00 2041673600.00 2078653600.00 
1555933600.00 1593913600.00 1631893600.00 1669873600.00 1707853600.00 1745833600.00 1783813600.00 1821793600.00 1859773600.00 1897753600.00 1935733600.00 1973713600.00 2011693600.00 2049673600.00 2087653600.00 2125633600.00 
1587913600.00 1626893600.00 1665873600.00 1704853600.00 1743833600.00 1782813600.00 1821793600.00 1860773600.00 1899753600.00 1938733600.00 1977713600.00 2016693600.00 2055673600.00 2094653600.00 2133633600.00 2172613600.00 
1619893600.00 1659873600.00 1699853600.00 1739833600.00 1779813600.00 1819793600.00 1859773600.00 1899753600.00 1939733600.00 1979713600.00 2019693600.00 2059673600.00 2099653600.00 2139633600.00 2179613600.00 2219593600.00 
1651873600.00 1692853600.00 1733833600.00 1774813600.00 1815793600.00 1856773600.00 1897753600.00 1938733600.00 1979713600.00 2020693600.00 2061673600.00 2102653600.00 2143633600.00 2184613600.00 2225593600.00 2266573600.00 
1683853600.00 1725833600.00 1767813600.00 1809793600.00 1851773600.00 1893753600.00 1935733600.00 1977713600.00 2019693600.00 2061673600.00 2103653600.00 2145633600.00 2187613600.00 2229593600.00 2271573600.00 2313553600.00 
1715833600.00 1758813600.00 1801793600.00 1844773600.00 1887753600.00 1930733600.00 1973713600.00 2016693600.00 2059673600.00 2102653600.00 2145633600.00 2188613600.00 2231593600.00 2274573600.00 2317553600.00 2360533600.00 
1747813600.00 1791793600.00 1835773600.00 1879753600.00 1923733600.00 1967713600.00 2011693600.00 2055673600.00 2099653600.00 2143633600.00 2187613600.00 2231593600.00 2275573600.00 2319553600.00 2363533600.00 2407513600.00 
1779793600.00 1824773600.00 1869753600.00 1914733600.00 1959713600.00 2004693600.00 2049673600.00 2094653600.00 2139633600.00 2184613600.00 2229593600.00 2274573600.00 2319553600.00 2364533600.00 2409513600.00 2454493600.00 
1811773600.00 1857753600.00 1903733600.00 1949713600.00 1995693600.00 2041673600.00 2087653600.00 2133633600.00 2179613600.00 2225593600.00 2271573600.00 2317553600.00 2363533600.00 2409513600.00 2455493600.00 2501473600.00 
1843753600.00 1890733600.00 1937713600.00 1984693600.00 2031673600.00 2078653600.00 2125633600.00 2172613600.00 2219593600.00 2266573600.00 2313553600.00 2360533600.00 2407513600.00 2454493600.00 2501473600.00 2548453600.00 



time taken for 1600x1600 sequential multiply is: 8.110000
Array values:
rows: 1600, cols: 1600, sparseness: 100
1364053600 1491973600 1619893600 1747813600 1875733600 2003653600 2131573600 -2035473696 -1907553696 -1779633696 -1651713696 -1523793696 -1395873696 -1267953696 -1140033696 -1012113696 
1491973600 1635893600 1779813600 1923733600 2067653600 -2083393696 -1939473696 -1795553696 -1651633696 -1507713696 -1363793696 -1219873696 -1075953696 -932033696 -788113696 -644193696 
1619893600 1779813600 1939733600 2099653600 -2035393696 -1875473696 -1715553696 -1555633696 -1395713696 -1235793696 -1075873696 -915953696 -756033696 -596113696 -436193696 -276273696 
1747813600 1923733600 2099653600 -2019393696 -1843473696 -1667553696 -1491633696 -1315713696 -1139793696 -963873696 -787953696 -612033696 -436113696 -260193696 -84273696 91646304 
1875733600 2067653600 -2035393696 -1843473696 -1651553696 -1459633696 -1267713696 -1075793696 -883873696 -691953696 -500033696 -308113696 -116193696 75726304 267646304 459566304 
2003653600 -2083393696 -1875473696 -1667553696 -1459633696 -1251713696 -1043793696 -835873696 -627953696 -420033696 -212113696 -4193696 203726304 411646304 619566304 827486304 
2131573600 -1939473696 -1715553696 -1491633696 -1267713696 -1043793696 -819873696 -595953696 -372033696 -148113696 75806304 299726304 523646304 747566304 971486304 1195406304 
-2035473696 -1795553696 -1555633696 -1315713696 -1075793696 -835873696 -595953696 -356033696 -116113696 123806304 363726304 603646304 843566304 1083486304 1323406304 1563326304 
-1907553696 -1651633696 -1395713696 -1139793696 -883873696 -627953696 -372033696 -116113696 139806304 395726304 651646304 907566304 1163486304 1419406304 1675326304 1931246304 
-1779633696 -1507713696 -1235793696 -963873696 -691953696 -420033696 -148113696 123806304 395726304 667646304 939566304 1211486304 1483406304 1755326304 2027246304 -1995800992 
-1651713696 -1363793696 -1075873696 -787953696 -500033696 -212113696 75806304 363726304 651646304 939566304 1227486304 1515406304 1803326304 2091246304 -1915800992 -1627880992 
-1523793696 -1219873696 -915953696 -612033696 -308113696 -4193696 299726304 603646304 907566304 1211486304 1515406304 1819326304 2123246304 -1867800992 -1563880992 -1259960992 
-1395873696 -1075953696 -756033696 -436113696 -116193696 203726304 523646304 843566304 1163486304 1483406304 1803326304 2123246304 -1851800992 -1531880992 -1211960992 -892040992 
-1267953696 -932033696 -596113696 -260193696 75726304 411646304 747566304 1083486304 1419406304 1755326304 2091246304 -1867800992 -1531880992 -1195960992 -860040992 -524120992 
-1140033696 -788113696 -436193696 -84273696 267646304 619566304 971486304 1323406304 1675326304 2027246304 -1915800992 -1563880992 -1211960992 -860040992 -508120992 -156200992 
-1012113696 -644193696 -276273696 91646304 459566304 827486304 1195406304 1563326304 1931246304 -1995800992 -1627880992 -1259960992 -892040992 -524120992 -156200992 211719008 



